Descriptive Statistics (All):
       description_length  time_to_close  time_to_merge  time_to_first_response  num_comments  num_review_comments  num_commits  num_additions  num_deletions  num_changed_lines  num_changed_files  merged_encoded
count         1972.000000    1972.000000    1972.000000             1972.000000   1972.000000          1972.000000  1972.000000    1972.000000    1972.000000        1972.000000        1972.000000     1972.000000
mean            81.956897      52.580122      52.580122                8.267241      1.219574             0.735294     5.364604     141.387931      40.264706         181.652637           3.353448        0.816430
std             92.633184     209.588840     209.588840               36.641836      2.799754             3.369049    17.835383     380.873740     172.328262         459.582613           8.875217        0.387231
min              1.000000       0.000000       0.000000                0.000000      0.000000             0.000000     0.000000       0.000000       0.000000           0.000000           0.000000        0.000000
25%             13.750000       1.000000       1.000000                0.000000      0.000000             0.000000     1.000000       3.000000       0.000000           6.000000           1.000000        1.000000
50%             41.000000      12.000000      12.000000                0.000000      0.000000             0.000000     2.000000      17.000000       1.000000          24.000000           1.000000        1.000000
75%            161.000000      37.000000      37.000000                0.000000      1.000000             0.000000     4.000000      99.000000      10.000000         133.000000           3.000000        1.000000
max           1443.000000    3652.000000    3652.000000              697.000000     71.000000            77.000000   342.000000    4997.000000    3430.000000        4999.000000         189.000000        1.000000


Descriptive Statistics (Merged):
       description_length  time_to_close  time_to_merge  time_to_first_response  num_comments  num_review_comments  num_commits  num_additions  num_deletions  num_changed_lines  num_changed_files  merged_encoded
count         1610.000000    1610.000000    1610.000000             1610.000000   1610.000000          1610.000000  1610.000000    1610.000000    1610.000000        1610.000000        1610.000000          1610.0
mean            79.488199      37.571429      37.571429                6.665839      1.048447             0.750311     5.506832     138.700621      42.648447         181.349068           3.324845             1.0
std             94.272493     137.519204     137.519204               33.634291      2.875738             3.476426    18.721378     365.087018     178.553429         450.186103           8.491838             0.0
min              2.000000       0.000000       0.000000                0.000000      0.000000             0.000000     0.000000       0.000000       0.000000           0.000000           0.000000             1.0
25%             13.000000       1.000000       1.000000                0.000000      0.000000             0.000000     1.000000       3.000000       0.000000           6.000000           1.000000             1.0
50%             39.000000      13.000000      13.000000                0.000000      0.000000             0.000000     2.000000      18.000000       1.000000          24.000000           1.000000             1.0
75%            160.000000      35.000000      35.000000                0.000000      1.000000             0.000000     4.000000     101.000000      11.000000         139.750000           3.000000             1.0
max           1443.000000    3652.000000    3652.000000              697.000000     71.000000            77.000000   342.000000    4997.000000    3430.000000        4999.000000         189.000000             1.0


Descriptive Statistics (Not Merged):
       description_length  time_to_close  time_to_merge  time_to_first_response  num_comments  num_review_comments  num_commits  num_additions  num_deletions  num_changed_lines  num_changed_files  merged_encoded
count          362.000000     362.000000     362.000000              362.000000    362.000000           362.000000   362.000000     362.000000     362.000000         362.000000         362.000000           362.0
mean            92.936464     119.331492     119.331492               15.389503      1.980663             0.668508     4.732044     153.339779      29.662983         183.002762           3.480663             0.0
std             84.207986     387.394029     387.394029               47.181329      2.286213             2.846109    13.195841     444.723292     141.087534         499.900896          10.423227             0.0
min              1.000000       0.000000       0.000000                0.000000      0.000000             0.000000     0.000000       0.000000       0.000000           0.000000           0.000000             0.0
25%             15.000000       0.000000       0.000000                0.000000      0.000000             0.000000     1.000000       5.000000       0.000000           6.000000           1.000000             0.0
50%             61.000000      10.000000      10.000000                0.000000      1.000000             0.000000     2.000000      17.000000       1.000000          19.000000           1.000000             0.0
75%            164.000000      47.000000      47.000000                8.000000      3.000000             0.000000     4.000000      77.500000       4.750000          99.000000           3.000000             0.0
max            471.000000    3436.000000    3436.000000              385.000000     12.000000            29.000000   224.000000    4684.000000    2136.000000        4685.000000         140.000000             0.0


Descriptive Statistics (Author Association: CONTRIBUTOR):
       description_length  time_to_close  time_to_merge  time_to_first_response  num_comments  num_review_comments  num_commits  num_additions  num_deletions  num_changed_lines  num_changed_files  merged_encoded
count         1330.000000    1330.000000    1330.000000             1330.000000   1330.000000          1330.000000  1330.000000    1330.000000    1330.000000        1330.000000        1330.000000     1330.000000
mean            72.241353      41.312030      41.312030                8.307519      1.270677             0.626316     4.536090     128.469173      25.049624         153.518797           2.124812        0.864662
std             98.047468     126.151018     126.151018               35.993345      2.508759             3.466629    13.315717     343.708809     122.538103         395.117908           3.143098        0.342213
min              2.000000       0.000000       0.000000                0.000000      0.000000             0.000000     0.000000       0.000000       0.000000           0.000000           0.000000        0.000000
25%             13.000000       2.000000       2.000000                0.000000      0.000000             0.000000     1.000000       3.000000       0.000000           6.000000           1.000000        1.000000
50%             32.000000      15.000000      15.000000                0.000000      0.000000             0.000000     2.000000      16.000000       1.000000          20.000000           1.000000        1.000000
75%            108.750000      40.000000      40.000000                0.000000      2.000000             0.000000     4.000000      83.750000       4.000000         106.000000           2.000000        1.000000
max           1443.000000    3049.000000    3049.000000              697.000000     35.000000            77.000000   312.000000    3285.000000    2410.000000        4166.000000          63.000000        1.000000


Descriptive Statistics (Author Association: NONE):
       description_length  time_to_close  time_to_merge  time_to_first_response  num_comments  num_review_comments  num_commits  num_additions  num_deletions  num_changed_lines  num_changed_files  merged_encoded
count          155.000000     155.000000     155.000000              155.000000    155.000000           155.000000    155.00000     155.000000     155.000000         155.000000         155.000000      155.000000
mean           101.025806     129.200000     129.200000               14.819355      1.941935             0.458065      2.56129     114.367742      43.432258         157.800000           2.045161        0.212903
std             78.072722     376.037826     376.037826               38.697540      2.150925             1.876854      2.72574     326.779663     188.061057         441.408436           2.245752        0.410687
min              2.000000       0.000000       0.000000                0.000000      0.000000             0.000000      0.00000       0.000000       0.000000           0.000000           0.000000        0.000000
25%             22.000000       2.000000       2.000000                0.000000      0.000000             0.000000      1.00000       6.000000       0.000000           9.000000           1.000000        0.000000
50%             90.000000      16.000000      16.000000                1.000000      1.000000             0.000000      2.00000      16.000000       1.000000          17.000000           1.000000        0.000000
75%            165.500000      64.500000      64.500000                9.000000      3.000000             0.000000      3.00000      61.000000       2.000000          67.500000           2.000000        0.000000
max            280.000000    3049.000000    3049.000000              212.000000     11.000000            13.000000     18.00000    2221.000000    1422.000000        2957.000000          21.000000        1.000000


Descriptive Statistics (Author Association: MEMBER):
       description_length  time_to_close  time_to_merge  time_to_first_response  num_comments  num_review_comments  num_commits  num_additions  num_deletions  num_changed_lines  num_changed_files  merged_encoded
count          383.000000     383.000000     383.000000              383.000000    383.000000           383.000000   383.000000     383.000000     383.000000         383.000000         383.000000      383.000000
mean           118.232376      39.206266      39.206266                6.214099      0.671018             1.389034     5.334204     196.574413      93.091384         289.665796           8.281984        0.890339
std             71.060153     148.901112     148.901112               40.737265      1.504399             3.814080    10.784323     522.699827     279.135407         650.610618          18.366224        0.312875
min              1.000000       0.000000       0.000000                0.000000      0.000000             0.000000     0.000000       0.000000       0.000000           0.000000           0.000000        0.000000
25%             27.000000       0.000000       0.000000                0.000000      0.000000             0.000000     1.000000       3.500000       1.000000           6.500000           1.000000        1.000000
50%            159.000000       4.000000       4.000000                0.000000      0.000000             0.000000     2.000000      29.000000      11.000000          51.000000           3.000000        1.000000
75%            164.000000      23.000000      23.000000                0.000000      1.000000             1.000000     5.000000     156.000000      64.000000         241.000000           8.000000        1.000000
max            331.000000    2011.000000    2011.000000              485.000000     12.000000            33.000000   113.000000    4997.000000    3430.000000        4999.000000         189.000000        1.000000


Descriptive Statistics (Author Association: COLLABORATOR):
       description_length  time_to_close  time_to_merge  time_to_first_response  num_comments  num_review_comments  num_commits  num_additions  num_deletions  num_changed_lines  num_changed_files  merged_encoded
count          104.000000     104.000000     104.000000              104.000000    104.000000           104.000000   104.000000     104.000000     104.000000         104.000000         104.000000      104.000000
mean            44.192308     131.740385     131.740385                5.548077      1.509615             0.134615    20.250000     143.634615      35.576923         179.211538           2.865385        0.826923
std             64.991124     569.332977     569.332977               22.245706      7.173299             0.836749    55.789784     253.234803     138.855634         334.318309           2.943011        0.380146
min              3.000000       0.000000       0.000000                0.000000      0.000000             0.000000     1.000000       0.000000       0.000000           0.000000           0.000000        0.000000
25%              3.000000       0.000000       0.000000                0.000000      0.000000             0.000000     1.000000       5.000000       0.000000           9.750000           1.000000        1.000000
50%              9.500000       1.000000       1.000000                0.000000      0.000000             0.000000     2.000000      28.000000       5.000000          40.500000           1.000000        1.000000
75%             58.500000      18.250000      18.250000                0.000000      1.000000             0.000000     6.000000     155.750000      13.500000         210.750000           4.000000        1.000000
max            260.000000    3652.000000    3652.000000              169.000000     71.000000             8.000000   342.000000    1375.000000    1077.000000        2430.000000          15.000000        1.000000